              -3176.7008222789
          0.000003693      -0.000000006      -0.000000001
         -0.000000006       0.000002814      -0.000000003
         -0.000000000      -0.000000002       0.000001509
          16
  1    41       0.000000124      -0.000000066      -0.000363151  Nb
  1    41      -0.000000267      -0.000000140      -0.000361803  Nb
  1    41      -0.000000043      -0.000000693       0.000360373  Nb
  1    41       0.000000038      -0.000000625       0.000364471  Nb
  2    26       0.000026519      -0.000021820       0.000000526  Fe
  2    26       0.000025801       0.000021463      -0.000000592  Fe
  2    26      -0.000026794       0.000021261      -0.000000825  Fe
  2    26      -0.000025417      -0.000022118       0.000001011  Fe
  3    52      -0.000000730      -0.000231697       0.000000407  Te
  3    52       0.000020787       0.000155120       0.000000385  Te
  3    52      -0.000021045      -0.000155263       0.000000441  Te
  3    52       0.000000900       0.000233633       0.000000518  Te
  3    52       0.000020951      -0.000152460      -0.000000271  Te
  3    52      -0.000020855       0.000152229      -0.000000604  Te
  3    52       0.000000755       0.000230729      -0.000000393  Te
  3    52      -0.000000790      -0.000229271      -0.000000570  Te
