              -3176.7002946465
          0.000001678      -0.000000006      -0.000000001
         -0.000000006       0.000002413      -0.000000003
         -0.000000000      -0.000000002      -0.000000981
          16
  1    41       0.000000126      -0.000000088      -0.000197108  Nb
  1    41      -0.000000269      -0.000000160      -0.000195794  Nb
  1    41      -0.000000046      -0.000000687       0.000194475  Nb
  1    41       0.000000041      -0.000000619       0.000198298  Nb
  2    26       0.000011371      -0.000028725       0.000000492  Fe
  2    26       0.000010674       0.000028383      -0.000000543  Fe
  2    26      -0.000011640       0.000028176      -0.000000820  Fe
  2    26      -0.000010296      -0.000029024       0.000001018  Fe
  3    52      -0.000000711      -0.000214130       0.000000352  Te
  3    52      -0.000064377       0.000218562       0.000000385  Te
  3    52       0.000064122      -0.000218707       0.000000444  Te
  3    52       0.000000880       0.000216076       0.000000465  Te
  3    52      -0.000064163      -0.000215960      -0.000000269  Te
  3    52       0.000064255       0.000215727      -0.000000606  Te
  3    52       0.000000737       0.000213181      -0.000000341  Te
  3    52      -0.000000771      -0.000211713      -0.000000521  Te
