              -3176.7003881484
          0.000002035      -0.000000006      -0.000000001
         -0.000000006       0.000002391      -0.000000001
         -0.000000001      -0.000000001      -0.000000991
          16
  1    41       0.000000028      -0.000000168      -0.000324386  Nb
  1    41      -0.000000162      -0.000000293      -0.000324833  Nb
  1    41      -0.000000049      -0.000000355       0.000322220  Nb
  1    41       0.000000040      -0.000000314       0.000327002  Nb
  2    26       0.000066781       0.000062608       0.000000252  Fe
  2    26       0.000066319      -0.000063200      -0.000000384  Fe
  2    26      -0.000067178      -0.000063245       0.000000145  Fe
  2    26      -0.000065783       0.000062576      -0.000000062  Fe
  3    52      -0.000000661      -0.000142552       0.000000194  Te
  3    52       0.000059020       0.000218560      -0.000000028  Te
  3    52      -0.000059351      -0.000218666       0.000000088  Te
  3    52       0.000000788       0.000144356       0.000000305  Te
  3    52       0.000059433      -0.000216175       0.000000147  Te
  3    52      -0.000059374       0.000215900      -0.000000168  Te
  3    52       0.000000703       0.000142003      -0.000000122  Te
  3    52      -0.000000654      -0.000140626      -0.000000293  Te
