              -3176.7003881944
          0.000001973      -0.000000006      -0.000000000
         -0.000000006       0.000002551      -0.000000007
         -0.000000000      -0.000000006      -0.000001135
          16
  1    41       0.000000173       0.000000663      -0.000324415  Nb
  1    41      -0.000000334       0.000000567      -0.000323269  Nb
  1    41       0.000000013      -0.000001405       0.000321827  Nb
  1    41       0.000000000      -0.000001358       0.000325667  Nb
  2    26       0.000111943       0.000061605       0.000002417  Fe
  2    26       0.000111233      -0.000061989      -0.000002507  Fe
  2    26      -0.000112211      -0.000062153      -0.000002712  Fe
  2    26      -0.000110851       0.000061348       0.000002980  Fe
  3    52      -0.000000626      -0.000114108       0.000000369  Te
  3    52       0.000036584       0.000218678       0.000000400  Te
  3    52      -0.000036838      -0.000218828       0.000000404  Te
  3    52       0.000000954       0.000116058       0.000000381  Te
  3    52       0.000036800      -0.000216097      -0.000000283  Te
  3    52      -0.000036709       0.000215857      -0.000000559  Te
  3    52       0.000000644       0.000113153      -0.000000347  Te
  3    52      -0.000000837      -0.000111698      -0.000000425  Te
